Generating points.
Saving indexer...
Search benchmark...
411
265
401
291
967
165
242
205
327
968
487
187
543
69
320
261
516
355
65
368
199
625
84
604
270
813
781
371
263
162
71
421
205
445
487
465
168
404
418
484
137
275
536
602
258
234
646
363
360
682
313
289
124
391
365
422
473
542
11
119
547
480
460
882
932
603
1150
347
230
290
509
259
500
384
253
307
650
9
146
280
1401
235
593
424
507
540
220
393
450
377
121
1044
241
377
733
1069
265
244
1162
141
440
425
245
234
66
263
806
664
806
218
692
353
231
616
325
406
362
801
506
279
428
140
285
145
243
358
131
371
197
245
661
320
473
351
157
546
299
572
119
679
212
244
658
1075
31
323
268
895
198
502
395
206
206
435
375
298
444
596
336
273
341
316
232
818
592
229
265
492
152
182
155
465
308
204
288
822
778
308
412
359
262
389
517
505
340
217
215
201
536
380
119
447
1003
111
634
132
516
305
65
389
216
203
320
143
165
912
468
328
627
299
494
391
227
543
305
39
286
93
824
366
310
244
502
139
652
337
199
221
716
419
406
220
402
391
220
522
249
461
490
395
681
265
176
123
218
527
528
450
355
150
62
382
618
295
489
594
390
354
219
499
421
548
238
801
492
377
807
284
454
549
218
357
1015
671
356
469
217
185
255
631
333
329
380
347
208
366
405
314
300
740
339
362
476
630
158
285
298
291
148
323
451
219
308
1218
1087
247
426
228
460
213
398
128
434
582
748
325
167
189
211
250
249
435
217
310
415
459
418
396
136
383
33
160
372
451
496
680
1163
272
107
487
331
359
662
397
304
62
485
349
59
351
547
254
131
478
367
218
309
605
380
327
690
142
416
463
333
501
257
442
435
431
290
315
460
413
280
379
267
638
278
279
359
320
623
321
524
532
652
657
319
284
540
32
292
149
220
372
540
232
366
327
483
529
456
224
353
572
235
920
453
538
275
305
450
377
21
165
323
478
278
121
180
268
494
409
235
216
655
281
1218
169
587
290
245
441
300
771
220
157
958
180
1001
328
208
357
204
418
1060
320
656
759
322
266
544
526
270
244
880
119
338
991
280
503
205
411
432
163
590
358
237
291
494
283
297
293
278
213
403
171
204
766
271
277
202
378
354
746
588
287
1205
537
452
1
549
503
353
240
497
338
253
1208
287
595
552
288
1491
370
340
27
229
372
1489
355
179
243
391
823
722
211
188
628
185
181
195
394
383
439
234
516
381
236
790
1093
319
447
554
175
812
643
398
224
153
393
134
394
243
382
519
1175
614
672
511
548
332
258
423
197
288
502
257
199
211
399
273
251
945
357
232
75
309
228
206
609
273
253
194
678
259
269
505
305
327
611
250
313
611
149
254
474
277
343
326
1251
933
222
322
295
228
259
308
388
350
1
217
394
465
279
258
383
830
608
281
363
327
342
265
374
139
425
456
1018
418
331
284
585
558
192
128
164
267
1604
304
205
283
804
115
210
260
273
576
323
286
532
598
309
407
201
459
478
170
597
784
423
345
75
273
818
231
553
420
623
311
289
545
859
258
283
441
241
636
592
565
137
420
332
419
959
529
178
296
2
839
337
803
444
673
317
223
353
1050
546
442
217
128
148
406
252
857
520
202
743
470
769
355
443
170
100
235
274
391
239
571
553
1270
201
442
337
422
337
303
77
218
922
409
231
439
295
452
540
218
359
224
384
518
321
398
162
573
257
385
187
395
167
270
111
401
373
186
354
1
391
1165
383
177
855
268
693
490
170
320
230
450
130
843
436
278
507
621
487
337
301
1188
149
262
518
53
335
939
293
224
319
267
612
323
406
378
360
251
199
252
352
239
232
318
83
259
333
221
304
2
132
201
296
256
738
300
396
212
308
170
499
142
684
112
121
127
367
731
316
196
436
135
272
233
710
190
299
171
177
97
292
436
308
460
61
311
1018
376
275
575
544
127
674
303
35
384
549
972
457
208
308
1
504
245
353
393
128
197
265
582
149
724
712
368
870
181
581
457
662
346
739
715
457
317
317
321
263
525
560
27
681
259
324
248
406
270
614
288
813
277
220
32
715
495
284
355
496
153
715
668
262
398
282
281
594
302
131
365
266
501
264
696
352
317
283
625
641
956
279
902
352
945
186
437
225
446
484
348
102
489
309
249
510
242
238
655
326
456
315
325
775
409
170
663
1298
382
806
483
82
221
338
410
767
378
262
184
486
150
278
459
496
720
420
479
388
588
238
312
342
184
518
121
259
236
605
501
66
503
152
1
465
116
63
1060
322
327
432
665
537
787
172
495
624
276
354
902
721
407
254
678
418
Max :  1604
BENCHMARK [unnamed]
	closest-centroids -> 0.0012014180000003982
	closest-points -> 0.03075345500000015

Recall [10] - 0.3
	Expected: 14.79,14.68,14.21,13.92,13.70,13.64,13.59,13.35,13.31,13.28
	Observed: 13.92,13.70,13.59,13.22,13.14,13.02,12.81,12.78,12.58,12.43
Recall [11] - 0.4
	Expected: 14.79,14.68,14.21,13.92,13.70,13.64,13.59,13.35,13.31,13.28,13.22
	Observed: 13.92,13.70,13.59,13.22,13.14,13.02,12.81,12.78,12.58,12.43
Recall [12] - 0.4
	Expected: 14.79,14.68,14.21,13.92,13.70,13.64,13.59,13.35,13.31,13.28,13.22,13.19
	Observed: 13.92,13.70,13.59,13.22,13.14,13.02,12.81,12.78,12.58,12.43
Recall [13] - 0.5
	Expected: 14.79,14.68,14.21,13.92,13.70,13.64,13.59,13.35,13.31,13.28,13.22,13.19,13.14
	Observed: 13.92,13.70,13.59,13.22,13.14,13.02,12.81,12.78,12.58,12.43
Recall [14] - 0.5
	Expected: 14.79,14.68,14.21,13.92,13.70,13.64,13.59,13.35,13.31,13.28,13.22,13.19,13.14,13.07
	Observed: 13.92,13.70,13.59,13.22,13.14,13.02,12.81,12.78,12.58,12.43
Recall [15] - 0.6
	Expected: 14.79,14.68,14.21,13.92,13.70,13.64,13.59,13.35,13.31,13.28,13.22,13.19,13.14,13.07,13.02
	Observed: 13.92,13.70,13.59,13.22,13.14,13.02,12.81,12.78,12.58,12.43
Recall [16] - 0.6
	Expected: 14.79,14.68,14.21,13.92,13.70,13.64,13.59,13.35,13.31,13.28,13.22,13.19,13.14,13.07,13.02,12.94
	Observed: 13.92,13.70,13.59,13.22,13.14,13.02,12.81,12.78,12.58,12.43
Recall [17] - 0.6
	Expected: 14.79,14.68,14.21,13.92,13.70,13.64,13.59,13.35,13.31,13.28,13.22,13.19,13.14,13.07,13.02,12.94,12.84
	Observed: 13.92,13.70,13.59,13.22,13.14,13.02,12.81,12.78,12.58,12.43
Recall [18] - 0.7
	Expected: 14.79,14.68,14.21,13.92,13.70,13.64,13.59,13.35,13.31,13.28,13.22,13.19,13.14,13.07,13.02,12.94,12.84,12.81
	Observed: 13.92,13.70,13.59,13.22,13.14,13.02,12.81,12.78,12.58,12.43
Recall [19] - 0.7
	Expected: 14.79,14.68,14.21,13.92,13.70,13.64,13.59,13.35,13.31,13.28,13.22,13.19,13.14,13.07,13.02,12.94,12.84,12.81,12.81
	Observed: 13.92,13.70,13.59,13.22,13.14,13.02,12.81,12.78,12.58,12.43
Recall [20] - 0.8
	Expected: 14.79,14.68,14.21,13.92,13.70,13.64,13.59,13.35,13.31,13.28,13.22,13.19,13.14,13.07,13.02,12.94,12.84,12.81,12.81,12.78
	Observed: 13.92,13.70,13.59,13.22,13.14,13.02,12.81,12.78,12.58,12.43
Recall [21] - 0.8
	Expected: 14.79,14.68,14.21,13.92,13.70,13.64,13.59,13.35,13.31,13.28,13.22,13.19,13.14,13.07,13.02,12.94,12.84,12.81,12.81,12.78,12.78
	Observed: 13.92,13.70,13.59,13.22,13.14,13.02,12.81,12.78,12.58,12.43
Recall [22] - 0.8
	Expected: 14.79,14.68,14.21,13.92,13.70,13.64,13.59,13.35,13.31,13.28,13.22,13.19,13.14,13.07,13.02,12.94,12.84,12.81,12.81,12.78,12.78,12.72
	Observed: 13.92,13.70,13.59,13.22,13.14,13.02,12.81,12.78,12.58,12.43
Recall [23] - 0.8
	Expected: 14.79,14.68,14.21,13.92,13.70,13.64,13.59,13.35,13.31,13.28,13.22,13.19,13.14,13.07,13.02,12.94,12.84,12.81,12.81,12.78,12.78,12.72,12.61
	Observed: 13.92,13.70,13.59,13.22,13.14,13.02,12.81,12.78,12.58,12.43
Recall [24] - 0.9
	Expected: 14.79,14.68,14.21,13.92,13.70,13.64,13.59,13.35,13.31,13.28,13.22,13.19,13.14,13.07,13.02,12.94,12.84,12.81,12.81,12.78,12.78,12.72,12.61,12.58
	Observed: 13.92,13.70,13.59,13.22,13.14,13.02,12.81,12.78,12.58,12.43
Recall [25] - 0.9
	Expected: 14.79,14.68,14.21,13.92,13.70,13.64,13.59,13.35,13.31,13.28,13.22,13.19,13.14,13.07,13.02,12.94,12.84,12.81,12.81,12.78,12.78,12.72,12.61,12.58,12.58
	Observed: 13.92,13.70,13.59,13.22,13.14,13.02,12.81,12.78,12.58,12.43
Recall [26] - 0.9
	Expected: 14.79,14.68,14.21,13.92,13.70,13.64,13.59,13.35,13.31,13.28,13.22,13.19,13.14,13.07,13.02,12.94,12.84,12.81,12.81,12.78,12.78,12.72,12.61,12.58,12.58,12.53
	Observed: 13.92,13.70,13.59,13.22,13.14,13.02,12.81,12.78,12.58,12.43
Recall [27] - 1
	Expected: 14.79,14.68,14.21,13.92,13.70,13.64,13.59,13.35,13.31,13.28,13.22,13.19,13.14,13.07,13.02,12.94,12.84,12.81,12.81,12.78,12.78,12.72,12.61,12.58,12.58,12.53,12.43
	Observed: 13.92,13.70,13.59,13.22,13.14,13.02,12.81,12.78,12.58,12.43
BENCHMARK
---------------------------------------
	Recall [10] - 0.3 | Inv. Recall [10] - 0.3
	Recall [11] - 0.4 | Inv. Recall [11] - 0.4
	Recall [12] - 0.4 | Inv. Recall [12] - 0.4
	Recall [13] - 0.5 | Inv. Recall [13] - 0.5
	Recall [14] - 0.5 | Inv. Recall [14] - 0.5
	Recall [15] - 0.6 | Inv. Recall [15] - 0.6
	Recall [16] - 0.6 | Inv. Recall [16] - 0.6
	Recall [17] - 0.6 | Inv. Recall [17] - 0.6
	Recall [18] - 0.7 | Inv. Recall [18] - 0.7
	Recall [19] - 0.7 | Inv. Recall [19] - 0.7
	Recall [20] - 0.8 | Inv. Recall [20] - 0.8
	Recall [21] - 0.8 | Inv. Recall [21] - 0.8
	Recall [22] - 0.8 | Inv. Recall [22] - 0.8
	Recall [23] - 0.8 | Inv. Recall [23] - 0.8
	Recall [24] - 0.9 | Inv. Recall [24] - 0.9
	Recall [25] - 0.9 | Inv. Recall [25] - 0.9
	Recall [26] - 0.9 | Inv. Recall [26] - 0.9
	Recall [27] - 1 | Inv. Recall [27] - 1
Exact : 0.6045982459999992
Approx. : 0.032559258999999674

